21702453
21703253
21703303
21703304
21703307
21703308
21703554
21703556
21703558
21703836
21704005
21704009
21704074
21704104
21704463
21704553
21704568
21704576
21704594
21704597
21704610
21704616
21704663
21704683
21704686
21704694
21704709
21704754
21704756
21704758
21704779
21704787
21704828
21704889
21704959
21705132
21705212
21705272
21705293
21705388
21705474
21705497
21705501
21705578
21705582
21705718
21705764
21705767
21705777
21705793
21705808
21705815
21705827
21705899
21705983
21705999
21706002
21706026
21706080
21706125
21706139
21706225
21706397
21706411
21706414
21706415
21706696
21706699
21706710
21706813
21706934
21706961
21707060
21707435
21707441
21707450
21707453
21707730
21707732
21707739
21707849
21708113
21708191
21708273
21708277
21708279
21708282
21708287
21708319
21708344
21708387
21708395
21708429
21708469
21709616
21709909
21709917
21710001
21710079
21710292
21710295
21710318
21710320
21710347
21710531
21710893
21710904
21711074
21711138
21711155
21711171
21711293
21712175
21712929
21712953
21712971
21713051
21713077
21713087
21713141
21713747
21713756
21713757
21713771
21713775
21713787
21713788
21713796
21713802
21713808
21713826
21713831
21713839
21713854
21713865
21713875
21713879
21713881
21713882
21713884
21713909
21713913
21713916
21713918
21713941
21714353
21714360
21714372
21714484
21714562
21714736
21714739
21714959
21715029
21715112
21715124
21715155
21715160
21715191
21715547
21715554
21715603
21715607
21715616
21715626
21715752
21715759
21715788
21715813
21715850
21715866
21715878
21715914
21715933
21715964
21715965
21715976
21715988
21715998
21716000
21716042
21717160
21717173
21717179
21717201
21717722
21717726
21717730
21717732
21717740
21717748
21717758
21717762
21800710
21800745
21800747
21800748
21800787
21900168
21900169
21900171
21900181
21900196
21900200
21900206
21900208
21900209
21900225
21900237
21900285
21900286
21900290
21900310
22000079
22000086
22000092
22000098
22000182
22000346
22000351
22000357
22000373
22000375
22000536
22000568
22000575
22100088
22100107
22100113
22100145
22100162
22100168
22100183
22200195
22200201
22200224
22200273
22200277
22200283
22200287
22200293
22200295
22200311
22300467
22300472
22300481
22300509
22300519
22300535
22300541
22300553
22300579
22300584
22300590
22300592
22300597
22300602
22500368
22500419
22600363
22600373
22600390
22600397
22600404
22600419
22600426
22600446
22600451
22600460
22600467
22600475
22600478
22600489
22600544
22600547
22600551
22600552
22600555
22601020
22601024
22601157
22601162
